0000000000
0000000001
0000000002
0000000000
0000000004
0000000000
0000000000
0000000000
000000000b
000000001b
000000002b
0000000000
ffffffffffffffff
0000000002
0000000000
0000000001
0000000000
0000000001
0000000001
0000000000
0000000001
fffffffffffffffe
0000000002
0000000002
0000000002
0000000001
0000000001
0000000000
ffffffffffffffff
0000000001
0000000000
0000000001
0000000000
0000000000
0000000001
0000000000
0000000001
0000000000
0000000001
0000000001
0000000000
ffffffffffffffff
0000000000
##########
090050b004
0a00005006
0500a05006
0500a09005
0b0040a000
0500705008
0500705008
090070b004
0a00005006
0500905006
0500909000
0b0000a000
050030a000
0500301007
0500121007
0100406007
060010f193
010030f193
0100301000
0100301000
0100301000
0100605001
2100601004
0600606001
0f19001000
0f19001000
0100505001
0100505001
0100406005
060010f190
0000000000
